3
0000000000000000000
0000000000000000000
0120022220000000000
0012000010000000000
0001200000000000000
0002222000000000000
0011022000000000000
0000002200000000000
0000000020000000000
0000000002000
0000000000000000000
0000000000000000000
0000000000000000000
0000000000000000000
0000000000000000000
0000000000000000000
0000000000000000000
0000000000000000000
0000000000000000001 

0000000000000000000
0000000000000000000
0120022210000000000
0012000010000000000
0001200000000000000
0000122000000000000
0011010000000000000
0000002100000000000
0000000000000000000
0000000000000000000
0000000000000000000
0000000000000000000
0000000000000000000
0000000000000000000
0000000000000000000
0000008000000000000
0000000800000000000
0000000080000000000
0000000008000000002

0000000000000000000
0000000000000000000
0020022210000000000
0012000010000000000
0001200000000000000
0000122000000000000
0011010000000000000
0000002100000000000
0000000000000000000
0000000000000000000
0000000000000000000
0000000000000000000
0000000000000000000
0000000000000000000
0000000000000000000
0000008000000000000
0000000800000000000
0000000080000000000
0000000008000000002